aeroplane : 0.8899426116021364
bicycle : 0.8024461528299147
bird : 0.7945081223685542
boat : 0.7279838081176264
bottle : 0.7203245469177553
bus : 0.8752607070611207
car : 0.886434464435229
cat : 0.888402067316432
chair : 0.6584776278780553
cow : 0.8717045399459029
diningtable : 0.7236774435758851
dog : 0.8665325960576693
horse : 0.8871004852671536
motorbike : 0.8681471227737959
person : 0.8517992852014746
pottedplant : 0.5569666663751464
sheep : 0.8575645708601636
sofa : 0.7685130985620008
train : 0.8739629904606443
tvmonitor : 0.791398245720279
mAP : 0.808057357666347
