aeroplane : 0.8813343729307971
bicycle : 0.8553212359688025
bird : 0.7862668766828449
boat : 0.7101001715548111
bottle : 0.634706680510169
bus : 0.8789236141118052
car : 0.8719535510226775
cat : 0.8943796103301812
chair : 0.6111613630320628
cow : 0.8658026000893809
diningtable : 0.7371779766095694
dog : 0.8772892262901552
horse : 0.8940619149544881
motorbike : 0.8662241720717999
person : 0.7890446694699943
pottedplant : 0.5192923189927723
sheep : 0.8404359473126237
sofa : 0.7932284370887618
train : 0.8032919746699358
tvmonitor : 0.7810849144254862
mAP : 0.7945540814059561
