aeroplane : 0.8871582137074873
bicycle : 0.7998738879799555
bird : 0.8038852836236016
boat : 0.7358037970567217
bottle : 0.7273409762044251
bus : 0.8783028064886101
car : 0.8869211790382934
cat : 0.8918337614344539
chair : 0.6592047502177447
cow : 0.8734488479267324
diningtable : 0.746330667769519
dog : 0.8823012272679818
horse : 0.8963761978154732
motorbike : 0.874027942368199
person : 0.8471326665399966
pottedplant : 0.5652555210942167
sheep : 0.8665859945278975
sofa : 0.7863674041908639
train : 0.8726894805090839
tvmonitor : 0.7794980577658734
mAP : 0.8130169331763565
