aeroplane : 0.8744688072341745
bicycle : 0.8697979623432767
bird : 0.807361987893386
boat : 0.7552554760326072
bottle : 0.6685525487147805
bus : 0.8856816342786239
car : 0.886677639797475
cat : 0.8996959078355913
chair : 0.6549630289163595
cow : 0.8769479998590356
diningtable : 0.7401981854941668
dog : 0.8829876962740228
horse : 0.8988718514157921
motorbike : 0.8716310886340768
person : 0.8457761899026547
pottedplant : 0.5775104644243851
sheep : 0.8704279540670437
sofa : 0.7755837942018151
train : 0.8735497313616742
tvmonitor : 0.7843590566252879
mAP : 0.8150149502653115
